data: {  }
size: 4276
last_modified: 1642434481
width: 37.810001
height: 9.6500006
mime_type: image/svg+xml
